,0,1
0,1.037100782529734e-05,0.0008647304120198088
1,0.0025522841886714918,0.007790862836549305
2,0.016628947283208007,0.003908019462837392
3,0.011412964743886207,0.021707738339800386
4,0.026180431348334535,0.01563239204838575
5,0.03234975159578303,0.023080328254642957
6,0.028492764330146615,0.04035565736699159
7,0.026676852527345758,0.05635761671862263
8,0.06314823052128486,0.03147268602960643
9,0.04615065770313139,0.06537702974543769
10,0.06043866694246233,0.059245049296493685
11,0.06043866694246233,0.059245049296493685
12,0.09230518449282574,0.0634020423666779
13,0.08362431786924693,0.0919588973568561
14,0.1107543780832109,0.08128206264317314
15,0.09096644250938143,0.11428105134216113
16,0.12576312963721423,0.10780182574358699
17,0.14215871493975063,0.10896957425542134
18,0.15144093308157286,0.12871406000296326
19,0.15968287692917416,0.14464575890500098
20,0.1472778726727118,0.18276058034342288
21,0.1857866841379659,0.1723236455011365
22,0.20525330582608392,0.18406905074779328
23,0.19468799348700405,0.21178187742291055
24,0.22151816474454514,0.22448989547613124
25,0.236128861248709,0.2516921664828246
26,0.2239494154445718,0.30143966877294387
27,0.289761214474214,0.2647599723332221
28,0.256530517018334,0.334390140199799
29,0.3207795957176057,0.31531766860841126
30,0.383874186603939,0.2974042157642849
31,0.40805937143982757,0.3220817900436531
32,0.39430757779982517,0.3827640843971509
33,0.49741043368849747,0.34934826837949373
34,0.5004664621480767,0.40031707410298256
35,0.4793824868727163,0.4806982429840164
36,0.5686883680204372,0.4538747838829438
37,0.5131095361216382,0.6047644102505804
38,0.6145258699687438,0.5531268854053478
39,0.5459815045789971,0.6621150500616795
40,0.5394502397842287,0.7532437450829444
41,0.7071034137581429,0.6526926328128186
42,0.7881074779773264,0.6555813571210057
43,0.7682139744603353,0.7337716188150893
44,0.875446113790147,0.7196007482548034
45,0.7876957576573045,0.8816695818411333
46,0.9235092483632453,0.8387089978530479
47,0.9572318145111601,0.875892133224759
48,0.9750984648718438,0.9433085435952034
49,0.9999742895203345,0.9990282078290761
